0.0	0.0	0.00022999999999999993
0.0010008894472361804	0.0010008894472361804	0.00023000292352361374
0.002001778894472361	0.002001778894472361	0.00023001169475748612
0.0030026683417085412	0.0030026683417085412	0.0002300263156911247
0.004003557788944722	0.004003557788944722	0.00023004678964177232
0.0050044472361809025	0.0050044472361809025	0.00023007312125650174
0.0060053366834170825	0.0060053366834170825	0.0002301053165151504
0.007006226130653263	0.007006226130653263	0.0002301433827341039
0.008007115577889443	0.008007115577889443	0.00023018732857092673
0.009008005025125623	0.009008005025125623	0.00023023716402984897
0.010008894472361805	0.010008894472361805	0.00023029290046811882
0.011009783919597987	0.011009783919597987	0.0002303545506032186
0.012010673366834165	0.012010673366834165	0.00023042212852096848
0.013011562814070345	0.013011562814070345	0.00023049564968451338
0.014012452261306527	0.014012452261306527	0.000230575130944214
0.015013341708542708	0.015013341708542708	0.00023066059054844946
0.016014231155778887	0.016014231155778887	0.00023075204815534896
0.017015120603015067	0.017015120603015067	0.0002308495248454634
0.018016010050251247	0.018016010050251247	0.00023095304313539572
0.01901689949748743	0.01901689949748743	0.0002310626269924076
0.02001778894472361	0.02001778894472361	0.00023117830185001725
0.02101867839195979	0.02101867839195979	0.00023130009462461574
0.022019567839195973	0.022019567839195973	0.000231428033733116
0.02302045728643215	0.02302045728643215	0.0002315621491116617
0.02402134673366833	0.02402134673366833	0.000231702472235419
0.02502223618090451	0.02502223618090451	0.0002318490361394782
0.02602312562814069	0.02602312562814069	0.00023200187544089067
0.027024015075376873	0.027024015075376873	0.00023216102636187437
0.028024904522613053	0.028024904522613053	0.0002323265267542164
0.029025793969849233	0.029025793969849233	0.00023249841612490153
0.030026683417085417	0.030026683417085417	0.00023267673566301295
0.031027572864321593	0.031027572864321593	0.0002328615282679282
0.03202846231155777	0.03202846231155777	0.00023305283857885916
0.03302935175879396	0.03302935175879396	0.00023325071300577327
0.03403024120603013	0.03403024120603013	0.00023345519976173784
0.03503113065326632	0.03503113065326632	0.0002336663488967343
0.03603202010050249	0.03603202010050249	0.00023388421233299487
0.03703290954773868	0.03703290954773868	0.00023410884390190134
0.03803379899497486	0.03803379899497486	0.00023434029938251122
0.03903468844221104	0.03903468844221104	0.00023457863654175812
0.04003557788944722	0.04003557788944722	0.0002348239151763918
0.0410364673366834	0.0410364673366834	0.0002350761971567153
0.04203735678391958	0.04203735678391958	0.00023533554647218563
0.04303824623115576	0.04303824623115576	0.00023560202927895292
0.04403913567839195	0.04403913567839195	0.00023587571394939697
0.045040025125628116	0.045040025125628116	0.00023615667112375285
0.0460409145728643	0.0460409145728643	0.0002364449737638928
0.047041804020100476	0.047041804020100476	0.00023674069720936152
0.04804269346733666	0.04804269346733666	0.0002370439192357366
0.04904358291457284	0.04904358291457284	0.00023735472011542972
0.05004447236180902	0.05004447236180902	0.00023767318268100342
0.0510453618090452	0.0510453618090452	0.0002379993923911277
0.05204625125628138	0.05204625125628138	0.00023833343739927326
0.05304714070351756	0.05304714070351756	0.00023867540862525818
0.05404803015075375	0.05404803015075375	0.00023902539982977473
0.05504891959798992	0.05504891959798992	0.00023938350769201868
0.05604980904522611	0.05604980904522611	0.00023974983189055583
0.05705069849246229	0.05705069849246229	0.00024012447518757376
0.05805158793969847	0.05805158793969847	0.00024050754351665634
0.05905247738693465	0.05905247738693465	0.00024089914607425576
0.060053366834170833	0.060053366834170833	0.0002412993954150117
0.06105425628140701	0.06105425628140701	0.00024170840755110464
0.062055145728643187	0.062055145728643187	0.00024212630205582518
0.06305603517587936	0.06305603517587936	0.0002425532021715554
0.06405692462311555	0.06405692462311555	0.00024298923492236594
0.06505781407035173	0.06505781407035173	0.00024343453123145818
0.06605870351758791	0.06605870351758791	0.00024388922604366735
0.0670595929648241	0.0670595929648241	0.0002443534584532851
0.06806048241206027	0.06806048241206027	0.00024482737183745203
0.06906137185929646	0.06906137185929646	0.00024531111399539706
0.07006226130653263	0.07006226130653263	0.00024580483729380977
0.0710631507537688	0.0710631507537688	0.0002463086988186618
0.07206404020100499	0.07206404020100499	0.0002468228605337873
0.07306492964824117	0.07306492964824117	0.0002473474894465839
0.07406581909547735	0.07406581909547735	0.0002478827577811877
0.07506670854271352	0.07506670854271352	0.000248428843159511
0.07606759798994972	0.07606759798994972	0.00024898592879056346
0.07706848743718589	0.07706848743718589	0.0002495542036684811
0.07806937688442207	0.07806937688442207	0.0002501338627797344
0.07907026633165826	0.07907026633165826	0.0002507251073200081
0.08007115577889444	0.08007115577889444	0.00025132814492127245
0.08107204522613061	0.08107204522613061	0.0002519431898896115
0.0820729346733668	0.0820729346733668	0.0002525704634543897
0.08307382412060298	0.08307382412060298	0.0002532101940294051
0.08407471356783916	0.08407471356783916	0.0002538626174866824
0.08507560301507534	0.08507560301507534	0.0002545279774436426
0.08607649246231153	0.08607649246231153	0.0002552065255644015
0.0870773819095477	0.0870773819095477	0.00025589852187601697
0.0880782713567839	0.0880782713567839	0.0002566042351005587
0.08907916080402006	0.08907916080402006	0.0002573239430039312
0.09008005025125623	0.09008005025125623	0.00025805793276243973
0.09108093969849242	0.09108093969849242	0.00025880650134817233
0.0920818291457286	0.0920818291457286	0.00025956995593432776
0.09308271859296478	0.09308271859296478	0.00026034861432171826
0.09408360804020095	0.09408360804020095	0.0002611428053877438
0.09508449748743715	0.09508449748743715	0.0002619528695592462
0.09608538693467332	0.09608538693467332	0.0002627791593107445
0.0970862763819095	0.0970862763819095	0.00026362203968965833
0.09808716582914569	0.09808716582914569	0.0002644818888702618
0.09908805527638187	0.09908805527638187	0.0002653590987382267
0.10008894472361804	0.10008894472361804	0.00026625407550775326
0.10108983417085424	0.10108983417085424	0.0002671672403734563
0.1020907236180904	0.1020907236180904	0.0002680990301993204
0.10309161306532659	0.10309161306532659	0.00026904989824723597
0.10409250251256276	0.10409250251256276	0.00027002031494781245
0.10509339195979896	0.10509339195979896	0.00027101076871639796
0.10609428140703513	0.10609428140703513	0.00027202176681744033
0.1070951708542713	0.1070951708542713	0.00027305383628061766
0.1080960603015075	0.1080960603015075	0.0002741075248724185
0.10909694974874366	0.10909694974874366	0.00027518340212716595
0.11009783919597985	0.11009783919597985	0.000276282060441835
0.11109872864321603	0.11109872864321603	0.00027740411623934733
0.11209961809045221	0.11209961809045221	0.0002785502112054597
0.11310050753768838	0.11310050753768838	0.0002797210136047998
0.11410139698492458	0.11410139698492458	0.00028091721968208876
0.11510228643216075	0.11510228643216075	0.0002821395551551252
0.11610317587939693	0.11610317587939693	0.0002833887768067105
0.11710406532663312	0.11710406532663312	0.0002846656741833394
0.1181049547738693	0.1181049547738693	0.0002859710714092093
0.11910584422110547	0.11910584422110547	0.00028730582912489555
0.12010673366834167	0.12010673366834167	0.0002886708465609348
0.12110762311557784	0.12110762311557784	0.00029006706375753313
0.12210851256281402	0.12210851256281402	0.00029149546394271125
0.12310940201005019	0.12310940201005019	0.00029295707608240263
0.12411029145728637	0.12411029145728637	0.0002944529776173848
0.12511118090452256	0.12511118090452256	0.00029598429740341424
0.12611207035175873	0.12611207035175873	0.0002975522188726186
0.12711295979899492	0.12711295979899492	0.00029915798343607155
0.1281138492462311	0.1281138492462311	0.0003008028941495865
0.12911473869346726	0.12911473869346726	0.00030248831966711456
0.13011562814070346	0.13011562814070346	0.0003042156985087562
0.13111651758793963	0.13111651758793963	0.0003059865436734163
0.13211740703517583	0.13211740703517583	0.0003078024476294174
0.133118296482412	0.133118296482412	0.00030966508772022506
0.1341191859296482	0.1341191859296482	0.000311576232026676
0.13512007537688436	0.13512007537688436	0.00031353774573193895
0.13612096482412053	0.13612096482412053	0.00031555159804094463
0.1371218542713567	0.1371218542713567	0.00031761986971223327
0.13812274371859293	0.13812274371859293	0.0003197447612672985
0.1391236331658291	0.1391236331658291	0.0003219286019505884
0.14012452261306527	0.14012452261306527	0.0003241738595226161
0.14112541206030144	0.14112541206030144	0.00032648315097923554
0.1421263015075376	0.1421263015075376	0.0003288592543023633
0.1431271909547738	0.1431271909547738	0.00033130512136146363
0.14412808040200997	0.14412808040200997	0.00033382389210130913
0.14512896984924617	0.14512896984924617	0.0003364189101703269
0.14612985929648234	0.14612985929648234	0.00033909374016553894
0.14713074874371854	0.14713074874371854	0.0003418521866954065
0.1481316381909547	0.1481316381909547	0.0003446983154914236
0.14913252763819088	0.14913252763819088	0.00034763647683368876
0.15013341708542705	0.15013341708542705	0.0003506713315961937
0.15113430653266327	0.15113430653266327	0.0003538078802651117
0.15213519597989944	0.15213519597989944	0.0003570514953394321
0.1531360854271356	0.1531360854271356	0.0003604079575898193
0.15413697487437178	0.15413697487437178	0.0003638834967304196
0.15513786432160798	0.15513786432160798	0.0003674848371524952
0.15613875376884415	0.15613875376884415	0.0003712192494813442
0.15713964321608034	0.15713964321608034	0.00037509460885325847
0.1581405326633165	0.1581405326633165	0.0003791194609724268
0.15914142211055268	0.15914142211055268	0.0003833030972053705
0.16014231155778888	0.16014231155778888	0.00038765564021094495
0.16114320100502505	0.16114320100502505	0.0003921881418979556
0.16214409045226122	0.16214409045226122	0.000396912695863459
0.1631449798994974	0.1631449798994974	0.00040184256691072677
0.1641458693467336	0.1641458693467336	0.0004069923407991408
0.16514675879396978	0.16514675879396978	0.00041237809806919017
0.16614764824120595	0.16614764824120595	0.0004180176166532657
0.16714853768844212	0.16714853768844212	0.0004239306090793397
0.16814942713567832	0.16814942713567832	0.00043013900146937606
0.1691503165829145	0.1691503165829145	0.0004366672633214336
0.1701512060301507	0.1701512060301507	0.0004435427993710942
0.17115209547738686	0.17115209547738686	0.0004507964178291852
0.17215298492462305	0.17215298492462305	0.00045846289323108337
0.17315387437185922	0.17315387437185922	0.00046658164734744294
0.1741547638190954	0.1741547638190954	0.00047519757857770323
0.17515565326633156	0.17515565326633156	0.0004843620796649564
0.1761565427135678	0.1761565427135678	0.0004941342964341597
0.17715743216080396	0.17715743216080396	0.0005045826980377656
0.17815832160804013	0.17815832160804013	0.0005157870540951646
0.1791592110552763	0.1791592110552763	0.0005278409494787465
0.18016010050251247	0.18016010050251247	0.0005408550184999192
0.18116098994974866	0.18116098994974866	0.0005549611550322452
0.18216187939698483	0.18216187939698483	0.0005703180667910813
0.18316276884422103	0.18316276884422103	0.0005871187121746079
0.1841636582914572	0.1841636582914572	0.0006056004232637798
0.1851645477386934	0.1851645477386934	0.000626058942233382
0.18616543718592957	0.18616543718592957	0.0006488682943902672
0.18716632663316574	0.18716632663316574	0.0006745096009988152
0.1881672160804019	0.1881672160804019	0.00070361400876158
0.18916810552763813	0.18916810552763813	0.0007370287112354209
0.1901689949748743	0.1901689949748743	0.0007759223383972359
0.19116988442211047	0.19116988442211047	0.0008219608450941533
0.19217077386934664	0.19217077386934664	0.0008776173891526133
0.1931716633165828	0.1931716633165828	0.0009467563492403704
0.194172552763819	0.194172552763819	0.0010358334923081035
0.19517344221105518	0.19517344221105518	0.00115666484658534
0.19617433165829137	0.19617433165829137	0.001333954326135681
0.19717522110552754	0.19717522110552754	0.0016317443253890775
0.19817611055276374	0.19817611055276374	0.0023048044852377156
